读取weight
[10 13 11 16 14 12  8 11 10  9  8  6 17 12 12]
....学习weight...
[[ 8 12 11 13]
 [ 3  1  7  6]
 [14  5 10  2]
 [15  0  4  9]]
deep 1 distance 504 prevstep 4
................
[[ 8 12 11 13]
 [ 3  1  7  6]
 [ 5 10  4  2]
 [14 15  0  9]]
deep 6 distance 441 prevstep 1
................
[[ 8 12 11 13]
 [ 3  1  7  6]
 [ 5 10  9  4]
 [14 15  2  0]]
deep 11 distance 405 prevstep 3
................
[[ 8 12 11 13]
 [ 3  1  7  6]
 [ 5 10  2  9]
 [ 0 14 15  4]]
deep 16 distance 394 prevstep 2
................
[[ 8 12 11 13]
 [ 3  1  7  6]
 [10  2  9  4]
 [ 5 14 15  0]]
deep 21 distance 378 prevstep 1
................
解谜失败
[[ 8  2  5  7]
 [13 11 14  1]
 [ 3  4  6 15]
 [10  9 12  0]]
deep 1 distance 434 prevstep 4
................
[[ 8  2  5  7]
 [ 0 11 14  1]
 [13  3  4  6]
 [10  9 12 15]]
deep 6 distance 390 prevstep 0
................
[[ 8  2  5  7]
 [11  0  4  1]
 [13 14  3  6]
 [10  9 12 15]]
deep 11 distance 347 prevstep 0
................
[[ 8  5  4  7]
 [11  2  3  1]
 [13 14  6  0]
 [10  9 12 15]]
deep 16 distance 307 prevstep 3
................
[[ 8  5  3  4]
 [11  2  6  7]
 [13 14  0  1]
 [10  9 12 15]]
deep 21 distance 270 prevstep 1
................
[[ 8  5  3  4]
 [11  2  6  7]
 [ 9  0 14  1]
 [13 10 12 15]]
deep 26 distance 236 prevstep 3
................
[[ 8  5  3  4]
 [11  2  6  7]
 [ 9 14 12  1]
 [13 10 15  0]]
deep 29 distance 206 prevstep 3
................
解谜失败
[[12  5  1 14]
 [15  8  3 11]
 [ 4  7  0 10]
 [ 9  6 13  2]]
deep 1 distance 614 prevstep 4
................
[[ 5  0  1 14]
 [12  8  3 11]
 [15  4  7 10]
 [ 9  6 13  2]]
deep 6 distance 546 prevstep 3
................
[[ 5  1  3 14]
 [12  4  8 11]
 [15  6  7 10]
 [ 9  0 13  2]]
deep 11 distance 463 prevstep 1
................
[[ 5  1  3 14]
 [12  4  0  8]
 [15  6  7 11]
 [ 9 13  2 10]]
deep 16 distance 403 prevstep 2
................
[[ 5  1  3 14]
 [12  6  4  8]
 [ 9 15  7 11]
 [13  0  2 10]]
deep 21 distance 323 prevstep 3
................
[[ 1  0  3 14]
 [ 5  6  4  8]
 [12  9  7 11]
 [13 15  2 10]]
deep 26 distance 277 prevstep 3
................
[[ 1  3  4 14]
 [ 5  6  7  8]
 [12  9  2 11]
 [13  0 15 10]]
deep 31 distance 236 prevstep 2
................
[[ 1  3  4 14]
 [ 5  6  7  8]
 [12  2 11 10]
 [13  9 15  0]]
deep 35 distance 208 prevstep 1
................
解谜失败
[[ 8 10  2 11]
 [15  1  3  0]
 [ 6  7 13  9]
 [14 12  4  5]]
deep 1 distance 610 prevstep 4
................
[[ 8 10  2 11]
 [15  1  3  9]
 [ 6  7  5  0]
 [14 12 13  4]]
deep 6 distance 545 prevstep 3
................
[[ 8 10  2 11]
 [15  1  5  3]
 [ 6  7  9  4]
 [14 12 13  0]]
deep 11 distance 499 prevstep 1
................
[[ 8 10  2 11]
 [ 0  1  5  3]
 [15  6  9  4]
 [14  7 12 13]]
deep 16 distance 493 prevstep 0
................
[[ 8 10  2 11]
 [ 1  6  5  3]
 [15  9 12  4]
 [14  7 13  0]]
deep 21 distance 415 prevstep 3
................
[[ 8 10  2 11]
 [ 1  6  5  3]
 [15  7  9 12]
 [14 13  0  4]]
deep 26 distance 402 prevstep 3
................
[[ 8 10  2 11]
 [ 1  6  5  3]
 [14 15  7 12]
 [13  0  9  4]]
deep 31 distance 383 prevstep 3
................
[[ 1  8  2 11]
 [ 0 10  5  3]
 [14  6  7 12]
 [13 15  9  4]]
deep 36 distance 339 prevstep 1
................
[[ 1  2 11  3]
 [10  8  5  0]
 [14  6  7 12]
 [13 15  9  4]]
deep 41 distance 288 prevstep 1
................
[[ 1  2 11  3]
 [ 0  6  8  5]
 [10 14  7 12]
 [13 15  9  4]]
deep 46 distance 248 prevstep 0
................
[[ 1  2 11  3]
 [ 6  8  7  5]
 [10  0  9 12]
 [13 14 15  4]]
deep 52 distance 236 prevstep 0
................
[[ 1  2 11  3]
 [ 0  6  8  5]
 [10  9  7 12]
 [13 14 15  4]]
deep 56 distance 199 prevstep 2
................
[[ 1  2 11  3]
 [10  6  8  5]
 [ 9  0  7 12]
 [13 14 15  4]]
deep 58 distance 198 prevstep 3
................
[[ 1  2  3  0]
 [10  6 11  8]
 [ 9  7 12  5]
 [13 14 15  4]]
deep 64 distance 190 prevstep 3
................
[[ 1  2  3  8]
 [10  6  5  0]
 [ 9  7 11 12]
 [13 14 15  4]]
deep 69 distance 149 prevstep 3
................
[[ 1  2  3  0]
 [10  6  5  8]
 [ 9  7 11 12]
 [13 14 15  4]]
deep 70 distance 130 prevstep 0
................
解谜失败
...学习后weight...
[17 18 15 22 20 15 11 19 14 15 13 14 23 18 12]
...解谜...
...迷宫...
[[ 3 11  0  2]
 [10  7 13 12]
 [ 5 14  6  1]
 [15  4  9  8]]
deep 1 distance 619 prevstep 4
................
[[ 3  7 11  2]
 [10 13  6 12]
 [ 5 14  1  0]
 [15  4  9  8]]
deep 6 distance 562 prevstep 3
................
[[ 3  7 11  2]
 [10  0  6 12]
 [ 5 13  1  8]
 [15 14  4  9]]
deep 11 distance 494 prevstep 0
................
[[ 3  7 11  2]
 [ 5 10  6 12]
 [13  1  4  8]
 [15 14  0  9]]
deep 16 distance 397 prevstep 1
................
[[ 3  7 11  2]
 [ 5  0  6 12]
 [ 1 10  4  8]
 [13 15 14  9]]
deep 21 distance 348 prevstep 0
................
[[ 3  7 11  2]
 [ 5  6  0  8]
 [ 1 10 12  4]
 [13 15 14  9]]
deep 26 distance 292 prevstep 0
................
[[ 3  7  2  8]
 [ 5  6 11  4]
 [ 1 10 12  9]
 [13 15 14  0]]
deep 31 distance 244 prevstep 1
................
解谜失败
